place(21.120, 1.000, 30.409, "Shotgunner", 300)
place(19.054, 1.000, 30.461, "Shotgunner", 300)
upgrade(19.054, 2.350, 30.461, 150)
upgrade(21.120, 2.350, 30.409, 150)
place(16.942, 1.000, 30.460, "Shotgunner", 300)
upgrade(16.942, 2.350, 30.460, 150)
place(14.836, 1.000, 30.494, "Shotgunner", 300)
upgrade(14.836, 2.350, 30.494, 150)
place(12.752, 1.000, 30.480, "Shotgunner", 300)
upgrade(12.752, 2.350, 30.480, 150)
place(13.714, 1.000, 35.631, "Shotgunner", 300)
upgrade(13.714, 2.350, 35.631, 150)
place(15.869, 1.000, 35.629, "Shotgunner", 300)
upgrade(15.869, 2.350, 35.629, 150)
place(18.011, 1.000, 35.578, "Shotgunner", 300)
upgrade(18.011, 2.350, 35.578, 150)
place(13.718, 1.000, 37.715, "Shotgunner", 300)
upgrade(13.718, 2.350, 37.715, 150)
place(15.720, 1.000, 37.799, "Shotgunner", 300)
upgrade(15.720, 2.350, 37.799, 150)
place(17.742, 1.000, 37.560, "Shotgunner", 300)
upgrade(17.742, 2.350, 37.560, 150)
place(20.041, 1.000, 35.536, "Shotgunner", 300)
upgrade(20.041, 2.350, 35.536, 150)
place(19.804, 1.000, 37.660, "Shotgunner", 300)
upgrade(19.804, 2.350, 37.660, 150)
place(21.263, 1.000, 28.351, "Shotgunner", 300)
upgrade(21.263, 2.350, 28.351, 150)
place(19.120, 1.000, 28.443, "Shotgunner", 300)
upgrade(19.120, 2.350, 28.443, 150)
place(17.115, 1.000, 28.381, "Shotgunner", 300)
upgrade(17.115, 2.350, 28.381, 150)
place(15.039, 1.000, 28.501, "Shotgunner", 300)
upgrade(15.039, 2.350, 28.501, 150)
place(12.944, 1.000, 28.463, "Shotgunner", 300)
upgrade(12.944, 2.350, 28.463, 150)
place(10.596, 1.000, 30.382, "Shotgunner", 300)
upgrade(10.596, 2.350, 30.382, 150)
place(10.839, 1.000, 28.393, "Shotgunner", 300)
upgrade(10.839, 2.350, 28.393, 150)
place(13.643, 1.000, 39.810, "Shotgunner", 300)
upgrade(13.643, 2.350, 39.810, 150)
place(15.658, 1.000, 39.825, "Shotgunner", 300)
upgrade(15.658, 2.350, 39.825, 150)
place(17.706, 1.000, 39.631, "Shotgunner", 300)
upgrade(17.706, 2.350, 39.631, 150)
place(19.764, 1.000, 39.673, "Shotgunner", 300)
upgrade(19.764, 2.350, 39.673, 150)
place(22.591, 1.000, 35.560, "Commander", 850)
place(21.876, 1.000, 38.004, "Shotgunner", 300)
upgrade(21.876, 2.350, 38.004, 150)
place(20.061, 1.000, 26.111, "Commander", 850)
place(25.134, 1.000, 35.554, "Shotgunner", 300)
upgrade(25.134, 2.350, 35.554, 150)
place(26.663, 1.000, 30.924, "Shotgunner", 300)
upgrade(26.663, 2.350, 30.924, 150)
place(26.745, 1.000, 33.053, "Shotgunner", 300)
upgrade(26.745, 2.350, 33.053, 150)
upgrade(13.714, 2.350, 35.631, 950)
upgrade(15.869, 2.350, 35.629, 950)
upgrade(18.011, 2.350, 35.578, 950)
upgrade(20.041, 2.350, 35.536, 950)
upgrade(13.718, 2.350, 37.715, 950)
upgrade(15.720, 2.350, 37.799, 950)
upgrade(17.742, 2.350, 37.560, 950)
